NSiteTypes  =  1


SiteType   =  LJ126
NSites   =  4


# S1
SiteID   =  1
x   =  0.0
y   =  0.0
z   =  0.0
sigma   =  3.905
epsilon   =  88.1
mass   =  15.0347

# S2
SiteID   =  2
x   =  1.53
y   =  0.0
z   =  0.0
sigma   =  3.905
epsilon   =  59.4
mass   =  14.0268

# S3
SiteID   =  3
x   =  2.10315
y   =  1.41859
z   =  0.0
sigma   =  3.905
epsilon   =  59.4
mass   =  14.0268

# S4
SiteID   =  4
x   =  3.63315
y   =  1.41859
z   =  0.0
sigma   =  3.905
epsilon   =  88.1
mass   =  15.0347

NRotAxes   =   auto

IDF Extension